map: building_4_sector_3
pose: [20.221382896502593, 6.1493587938349901, -0.042114804197307711]
update_conditions:
  - distance: 0.5
    angle: 10
    last_move_elapse: 3