map: building_4_sector_3
pose: [14.511890835410888, 11.210240456074025, 0.30004824756276677]
update_conditions:
  - distance: 0.5
    angle: 10
    last_move_elapse: 3