map: building_4_sector_3
pose: [24.967171074764433, 12.469640821139118, 179.84406754579734]
update_conditions:
  - distance: 0.5
    angle: 10
    last_move_elapse: 3