map: building_4_sector_3
pose: [10.394520159412934, 7.8100966171155211, -178.14578310245591]
update_conditions:
  - distance: 0.5
    angle: 10
    last_move_elapse: 3