map: building_4_sector_3
pose: [31.30436825254858, 19.00743019680744, 179.2890880335905]
update_conditions:
  - distance: 0.5
    angle: 10
    last_move_elapse: 3