map: building_4_sector_3
pose: [24.809679966888798, 15.340575245790129, 89.554582065676101]
update_conditions:
  - distance: 0.5
    angle: 10
    last_move_elapse: 3