map: building_4_sector_3
pose: [12.140000297236343, 9.5788233885049667, 90.001089796877451]
update_conditions:
  - distance: 0.5
    angle: 10
    last_move_elapse: 3