map: building_4_sector_3
pose: [17.306918015187101, 14.530001464721899, -0.00021218236361501998]
update_conditions:
  - distance: 0.5
    angle: 10
    last_move_elapse: 3