map: building_4_sector_3
pose: [20.295223214017099, 9.3037428234620894, 178.64295148012187]
update_conditions:
  - distance: 0.5
    angle: 10
    last_move_elapse: 3