map: building_4_sector_3
pose: [24.809113562924828, 15.217084141186325, 90.333087800892613]
update_conditions:
  - distance: 0.5
    angle: 10
    last_move_elapse: 3